1. LinkedList<Integer> (LinkedList.class)
2. CopyList<Integer> (Vector 참고 및 배열 추가)
3. CopyList2<Integer> (ArrayList 참고 및 배열 추가)
4. CopyList3<Integer> (Entry의 element를 ArrayList로 변경, ArrayList 공간 확장)
5. CopyList4<Integer> (Entry의 element를 ArrayList로 변경, ArrayList 객체 생성)
  1) 최대크기10  2) 최대크기100  3) 최대크기1000
6. CopyList5<Integer> (특정 기준을 잡고 탐색하는 구조)
7. CopyList6<Integer> (DoublyCircularLinkedList)
8. CopyList7<Integer> (DoublyLinkedList)
9. CopyList8<Integer> (SinglyCircularLinkedList)
10. CopyList9<Integer> (SinglyLinkedList)
-----------------------------------------------------------------------------------------------
 1. add() : 5452700 4587100 5126800 5041300 5017900 4518800 5284100 4926700 4668300 5006400
    get()  : 4453478300 4098792500 4413498400 4074868100 4090821700 3975641900 4032740400 4150214600 4055227600 4052810200
   SequentialGet() : 2976300 3388700 3139400 2984700 2190300 2539800 3181300 2751500 2206800 2810100

 2. add() : 5851500 6272400 6220100 6023200 6256900 6086100 6010200 6038900 6180800 5867500
    get()  : 1891800 1958200 1937300 1959600 1952300 2007400 2009200 1930700 1974000 2000900

 3. add() : 6617300 6278400 6306200 6301300 6343100 6321100 6378100 6342900 6211500 6269300
    get()  : 2143400 2159800 2155700 2111200 2142400 2111100 2174600 2153500 2018300 2126500

 4. add() : 6607000 6695800 6624100 6726200 6673000 6456600 6551800 6888300 6679100 6721200
    get()  : 3909300 3980900 3939200 3947900 3058400 3855400 3098000 3174100 3219600 3534100

5-1. add() : 6486300 6350700 6706400 6574100 6194300 6449900 6358900 6597400 6519400 6532100
      get() : 2209296900 2176605900 2254327500 2166735100 2184198300 2166657200 2160536900 2143032400 2219359700 2225213700

5-2. add() : 6185800 6086900 5924100 6086200 6078100 6182400 6042100 5957800 5952200 5856500
      get() : 82690700 81672700 81951600 81240900 80547400 81415800 82370700 82292300 82625200 81359600

5-3. add() : 5477200 5354500 5497600 5209000 5316500 5510400 5552300 5257000 5371600 5320400
      get() : 9980500 9596200 9091800 9382900 9451500 9542100 9599100 9405400 9134500 9508600

 6. add() : 6143300 5942200 5835500 6194000 5791800 5815800 5934600 5974500 5883600 5959400
    get()  : 90107800 87426100 87397200 87182500 87534700 87540200 87573900 90641800 92134600 87571100

 7. add() : 5906200 5683100 5680200 5554900 5588300 5542600 5624100 5799900 5775300 5527600
    get()  : 4048441300 4027067900 4017275200 4044403400 4034986700 4207646200 4012985400 4114622600 4083648600 4103848200

 8. add() : 5676800 5730500 5403700 5569300 5516800 5671500 5728600 5690700 5731800 5520200
    get()  : 4056056900 4058270700 4052178400 4052139000 4029907200 4057562200 4102502400 4043191400 4073706800 4066366600

 9. add() : 5731800 5572200 5309500 5583300 5428200 5232000 5317900 5399600 5573300 5228900
    get()  : 8188068000 8159421600 8174426100 8237945800 8277983500 8320120700 8305453400 8233666600 8176293600 8311281500

10. add() : 5217600 5465800 5183700 5361200 5284000 5085900 5140100 5090600 5137300 5237000
     get() : 8181260800 8230788700 8300994700 8346986000 8249138900 8299222400 8251684700 8218325400 8238784800 8209731400








