0. CopyList00<Integer> (LinkedList.class)
1. CopyList01<Integer> (Vector 참고 및 배열 추가)
2. CopyList02<Integer> (ArrayList 참고 및 배열 추가)
3. CopyList03<Integer> (Entry의 element를 ArrayList로 변경, ArrayList 공간 확장)
4. CopyList04<Integer> (Entry의 element를 ArrayList로 변경, ArrayList 객체 생성)
  1) 최대크기10  2) 최대크기100  3) 최대크기1000
5. CopyList05<Integer> (특정 기준을 고정으로 잡고 탐색하는 구조)
6. CopyList06<Integer> (특정 기준을 자동으로 잡고 탐색하는 구조)
  1) 제한X  2) 제한O
7. CopyList07<Integer> (DoublyCircularLinkedList)
8. CopyList08<Integer> (DoublyLinkedList)
9. CopyList09<Integer> (SinglyCircularLinkedList)
10. CopyList10<Integer> (SinglyLinkedList)
-----------------------------------------------------------------------------------------------
 0. add() : 4992300 4587100 5126800 5041300 5017900 4518800 5284100 4926700 4668300 5006400
    get()  : 3883876000 3834604300 3835042400 3840054700 3835623400 3858045800 3855167800 3849720400 3880887300 3964082000
   SequentialGet() : 2640000 2571200 2673100 2660400 2920300 2539800 2580700 2572700 2690400 2538600

 1. add() : 5851500 6272400 6220100 6023200 6256900 6086100 6010200 6038900 6180800 5867500
    get()  : 1891800 1958200 1937300 1959600 1952300 2007400 2009200 1930700 1974000 2000900

 2. add() : 6617300 6278400 6306200 6301300 6343100 6321100 6378100 6342900 6211500 6269300
    get()  : 2143400 2159800 2155700 2111200 2142400 2111100 2174600 2153500 2018300 2126500

 3. add() : 6607000 6695800 6624100 6726200 6673000 6456600 6551800 6888300 6679100 6721200
    get()  : 3215400 3567600 3466700 3552900 3242400 3301900 3344800 3582900 3219600 3534100

4-1. add() : 7230800 7383900 7061600 6930100 6918400 7101600 7048800 7238200 6879200 7290000
      get() : 2209296900 2176605900 2254327500 2166735100 2184198300 2166657200 2160536900 2143032400 2219359700 2225213700

4-2. add() : 6185800 6086900 5924100 6086200 6078100 6182400 6042100 5957800 5952200 5856500
      get() : 82690700 81672700 81951600 81240900 80547400 81415800 82370700 82292300 82625200 81359600

4-3. add() : 5477200 5354500 5497600 5209000 5316500 5510400 5552300 5257000 5371600 5320400
      get() : 9980500 9596200 9091800 9382900 9451500 9542100 9599100 9405400 9134500 9508600

 5. add() : 5497500 5524700 5835500 6194000 5791800 5815800 5934600 5974500 5883600 5959400
    get()  : 90107800 87426100 87397200 87182500 87534700 87540200 87573900 90641800 92134600 87571100

6-1. add() : 5326200 5407600 5356500 5251900 5199500 5364900 5113800 5352500 5163300 5148200
      get() : 867030100 899291400 905419700 873912900 945572900 876372100 860535600 873105400 939108300 893317600

6-2. add() : 5361700 5234600 5299200 5298700 5200900 5246700 5458800 5427200 5303500 5309700
      get() : 109238100 109100400 91245100 103958900 105943600 103649900 92399900 106538500 107946800 105235000

 7. add() : 5157100 5266000 5239000 5554900 5588300 5542600 5624100 5512600 5266500 5527600
    get()  : 4048441300 4027067900 4017275200 4044403400 4034986700 4207646200 4012985400 4114622600 4083648600 4103848200

 8. add() : 5278900 5415200 5403700 5148700 5358600 5374900 5290800 5261600 5257500 5311100
    get()  : 4056056900 4058270700 4052178400 4052139000 4029907200 4057562200 4102502400 4043191400 4073706800 4066366600

 9. add() : 5010000 4866800 4878000 5056400 4880500 5011300 5021400 4908000 4905000 4964800
    get()  : 8188068000 8159421600 8174426100 8237945800 8277983500 8320120700 8305453400 8233666600 8176293600 8311281500

10. add() : 4899400 4899400 4804100 4817200 4675200 4666500 4796100 4834100 4773400 4820000
     get() : 8181260800 8230788700 8300994700 8346986000 8249138900 8299222400 8251684700 8218325400 8238784800 8209731400








